"","X","SCIENTIFIC_NAME","CODE","tpa_2004","tpa_2008","tpa_2009","tpa_2013","tpa_2014","tpa_2019","fcover_51","fcover_77","fcover_91","fcover_00","tot_change","AI_51","AI_77","AI_91","AI_00","Code","WD","THK","LA.wp","SLA.wp","MAXHT","seed_mass","Dim1","Dim2"
"1",1,"Adenanthera pavonina","ADEPAV",6.57343269140286,NA,5.42580750113059,NA,6.37425858513594,6.67707804616547,2338,3974,3399,3764,1426,95.5617760651048,94.4168197356896,94.9469690119951,94.6179654840461,"ADEPAV",0.60277991,152.4444444,1233.654518,150.8393019,6.5,NA,-0.460785454508024,0.611074631824207
"2",2,"Adelia ricinella","ADERIC",0.109412124750511,NA,2.86913647002438,NA,3.68917000291826,4.58579283232383,1717,4397,3878,4561,2844,95.8690029632839,91.7284330947312,92.1229843233555,91.2524556299832,"ADERIC",0.817326947,136.6666667,23.93057147,138.3520253,4,NA,0.00634846088116742,-0.753503616265454
"3",5,"Alchornea latifolia","ALCLAT",7.15182027651186,NA,3.44771554647551,NA,4.25381405060263,4.25273591246169,2783,6350,9999,9313,6530,94.2866438193901,91.3527334169915,89.1989973832486,88.7460336098636,"ALCLAT",0.430138969,179.302682,179.2952453,163.8239611,27,NA,2.90223294864174,-2.58516468203268
"4",6,"Allophylus crassinervis","ALLCRA",NA,NA,NA,NA,NA,1.47708877074157,3915,7540,11343,11617,7702,91.7110920460824,89.2898224858024,87.8431739680532,86.2726197644923,"ALLCRA",0.881489862,207.25,16.15970792,118.3069046,8,NA,-0.344281446538145,-0.478653615145375
"5",7,"Allophylus racemosus","ALLRAC",NA,NA,NA,NA,0.0272548719243315,0.0593231475875186,2513,4023,3363,3813,1300,95.5333650662174,94.857864814463,95.6016424354278,95.032810412948,"ALLRAC",0.686336981,204.2888889,235.0207448,242.4582029,8,NA,0.264876413952475,1.7013930803624
"6",9,"Amyris elemifera","AMYELE",7.54319705205847,17.5311437692308,9.4690378974336,17.5610360296756,10.6173497033184,14.486922872619,2757,4467,3824,4337,1580,95.1162249317918,94.199537835335,94.9101204375579,94.1847731001806,"AMYELE",0.911156945,225.6262626,27.46144804,74.89156875,8,8.2,0.569490750374246,0.0305566198742341
"7",11,"Andira inermis","ANDINE",22.0621297567852,NA,21.6664524893442,NA,18.517430133411,17.5742380644596,3049,7268,10933,10904,7855,91.8574403527356,87.0367908762098,84.7998979570302,83.8211091293486,"ANDINE",0.738835596,161.9027778,385.2892141,189.8808778,28,NA,-0.746722536638151,-0.705780717178214
"8",12,"Ardisia obovata","ARDOBO",12.0816224317576,NA,16.113078199024,NA,17.8417313469806,21.5674816872549,2958,4803,4070,4570,1612,94.6478897780258,93.201628942614,93.9030998968506,93.42227655059,"ARDOBO",0.805142717,395.9377778,50.95726004,71.55747892,12,NA,-1.31766713858781,1.14251380484358
"9",13,"Artocarpus altilis","ARTALT",0.723724247637549,NA,1.12080170922238,NA,1.66200009343863,2.16978684106696,991,3550,6452,6533,5542,96.1731915551874,92.2623797757693,90.1124943410518,89.4524341313893,"ARTALT",0.44683506,288,713.6953333,196.8713333,16,NA,-1.05160454281998,1.8902955632627
"10",15,"Bourreria virgata","BOUVIR",1.02861777982615,NA,0.676359849816685,NA,1.01794709115772,1.87602253722072,2866,4675,3938,4533,1667,94.8813581531316,93.5016159519971,94.1472833945049,93.3152329712411,"BOUVIR",0.804041863,290.5555556,10.83866897,80.43109454,15,NA,-0.702302686496023,0.181224170972063
"11",16,"Bucida buceras","BUCBUC",12.2881433502025,NA,2.5041914380205,NA,2.28472492158511,3.36510234465691,4408,9358,11981,12715,8307,90.8030431425447,86.0293690476007,85.5299475143194,84.0556030876247,"BUCBUC",0.935231475,247.9583333,10.99841035,91.6496375,25,2.9,-1.59085574747159,1.49787829629385
"12",17,"Bursera simaruba","BURSIM",7.90919291419177,54.4395300769231,11.7070276575133,47.2589134512543,9.86501932595323,9.3485486020213,2401,4125,3123,3803,1402,94.858730157727,92.5295042824624,93.6461210148585,92.6627120198496,"BURSIM",0.408846119,207.8647343,100.3336848,136.2139871,21,62.4,-0.441413995775514,-0.211954304249869
"13",19,"Byrsonima spicata","BYRSPI",1.01629772256326,NA,1.19691826521581,NA,0.865189585973567,0.695549504416745,897,2727,3543,3115,2218,97.413673160707,94.2212205019727,93.4107876454627,93.5021690122411,"BYRSPI",0.676861271,164.2777778,20.99652813,218.7030325,28,NA,1.42286096784554,-0.377301496993768
"14",20,"Byrsonima wadsworthii","BYRWAD",0.397964682610799,NA,0.365342127024147,NA,0.366570568976906,0.398933766479152,1519,2349,3494,3160,1641,97.0958886778267,96.7998934512075,95.9654047947517,95.7297984230707,"BYRWAD",0.587397089,286.2777778,27.7614592,87.52933138,19,NA,-0.879734872712829,-1.70309382489829
"15",21,"Calophyllum antillanum","CALANT",5.09659539226568,NA,9.89653826266934,NA,4.57221003863783,7.36921077798143,3321,6747,7187,7131,3810,93.7219942449718,90.1717448719947,89.5840178463029,89.3468346491013,"CALANT",0.669935491,283.9444444,73.44218385,133.6142177,35,NA,0.391091876776678,-1.3516692979766
"16",23,"Canella winterana","CANWIN",1.85670991924381,11.9960469230769,1.40865604826766,9.36016295122047,1.01794709115772,1.50427238909678,1133,2916,2889,3478,2345,97.1507174725655,94.7722571579187,94.7660752689426,93.9615020028481,"CANWIN",0.928565167,308.4222222,23.04160417,98.31495525,7,NA,-0.553136289083141,0.00989096951228742
"17",25,"Casearia arborea","CASARB",8.43852067001015,NA,9.3937731806635,NA,7.3385682514542,5.98574970044416,2340,5009,8489,7719,5379,94.6872570178641,92.4409462057134,90.4019613357342,89.9179112857513,"CASARB",0.664983974,181.6919192,19.02270949,177.3661477,28,NA,0.925734929781107,0.188268434316354
"18",26,"Casearia decandra","CASDEC",3.18713481294596,NA,2.73260160138255,NA,2.47377297405656,2.4430930640387,3133,7242,7805,7809,4676,93.4701496003272,89.4851308350426,88.5195215079397,88.4652929944626,"CASDEC",0.77967418,122.9,14.42690396,258.3533886,10,NA,-1.26561906986001,-0.362471856697652
"19",27,"Castilla elastica","CASELA",NA,NA,0.0543244042316082,NA,0.0817646157729944,0.0593231475875186,6488,13158,18218,18296,11808,87.5756599686912,82.8600688994568,82.1306241847266,80.0920139805771,"CASELA",0.291154684,191,416.1735704,264.0514617,2,NA,3.21952145495871,3.26315040458376
"20",28,"Casearia guianensis","CASGUI",54.3141454461815,NA,52.8020587484159,NA,44.3280959441179,43.7276751693671,3228,7626,8512,8584,5356,92.9695291033949,88.7239334833488,87.4988794422475,87.3729082522237,"CASGUI",0.807814077,148.0222222,44.17648438,191.0552082,15,NA,-1.32732394751733,-1.21394307177067
"21",29,"Casearia sylvestris","CASSYL",43.5235172305948,NA,51.4127955894395,NA,42.8959157877149,33.997881799325,4694,9975,15658,15136,10442,90.0070978292242,86.2041728556669,84.0120427839124,82.8813172288227,"CASSYL",0.673697322,167.2222222,59.75374673,149.3326007,12,NA,-1.15487040208639,-0.0801686634062894
"22",30,"Cecropia schreberiana","CECSCH",14.5279955470865,NA,10.0260154021285,NA,11.766581216735,9.33493877430232,3153,6757,12570,11881,8728,92.8822612189354,90.4992626661461,88.2445261429732,87.1552777963463,"CECSCH",0.299201722,267.0864198,1748.526657,147.1927964,25,NA,-0.696421652548844,-0.348573482391491
"23",32,"Ceiba pentandra","CEIPEN",NA,NA,0.421278475658432,NA,0.400109993808109,0.42611738483436,3298,6479,7723,8358,5060,92.6972124196189,88.5769243795469,88.3289419907471,87.0251365484371,"CEIPEN",0.303049231,NA,364.39,343.49,35,NA,2.8305819794321,-0.343967346839079
