0
0
0
0
0
0
0
0
0
0
0
0
0
0
0
0
0
0
0
0
0
0
0
0
0
0
0
0
0
0
0
0
0
0
0
0
0
0
0
0
0
0
0
0
0
0
0
0
0
0
0
0
0
0
0
0
0
0
0
0
0
0
0
0
0
0
0
0
0
0
0
0
0
0
0
0
0
0
0
0
0
0
0
0
0
0
0
0
0
0
0
0
0
0
0
0
0
0
0
0
0
0
0
0
0
0
0
0
0
0
0
0
0
0
0
0
0
0
0
0
0
0
0
0
0
0
0
0
0
0
0
0
0
0
0
0
0
0
0
0
0
0
0
0
0
0
0
0
0
0
0
0
0
0
0
0
0
0
0
0
0
0
0
0
0
0
0
0
0
0
0
0
0
0
0
0
0
0
0
0
0
0
0
0
0
0
0
0
0
0
0
0
0
24
11
2
1
3
12
4
24
15
5
7
15
17
9
18
15
15
10
12
13
14
15
16
17
24
21
17
6
12
15
19
20
6
9
15
21
21
11
24
22
15
24
9
23
8
9
21
12
25
17
18
17
42
39
18
34
26
7
13
8
22
9
10
41
26
47
23
29
43
20
48
12
33
38
18
36
1
7
11
17
42
14
8
4
35
38
18
16
27
38
42
38
26
49
28
25
23
38
11
17
23
24
41
3
18
38
36
41
18
20
18
21
9
1
43
30
42
11
40
24
43
27
34
20
38
23
20
18
20
19
31
18
27
32
28
18
2
18
43
37
26
38
23
38
7
5
41
17
11
4
44
43
15
6
25
46
27
6
18
8
24
42
25
45
47
19
39
96
0
0
0
0
0
0
0
0
0
0
0
0
0
0
0
0
0
0
0
0
0
0
0
0
0
0
0
0
0
0
0
0
0
0
0
0
0
0
0
0
0
0
0
0
0
0
0
0
0
0
0
0
0
0
0
0
0
0
0
0
0
0
0
0
0
0
0
0
0
0
0
0
0
0
0
0
0
0
0
0
0
0
0
0
0
0
0
0
0
0
0
0
0
0
0
0
0
0
0
0
0
0
0
0
0
0
0
0
0
0
0
0
0
0
0
0
0
0
0
0
0
0
0
0
0
0
0
0
0
0
0
0
0
0
0
0
0
0
0
0
0
0
0
0
0
0
0
14
86
89
24
146
6
25
70
137
1
148
5
136
50
94
36
69
82
111
123
129
143
117
71
43
51
95
112
91
31
16
101
21
53
60
87
92
124
81
102
66
12
105
72
145
74
56
61
69
2
142
49
65
4
93
11
52
29
95
97
125
144
46
116
20
57
2
28
63
127
39
35
39
131
44
84
26
100
31
48
75
8
106
10
8
120
15
121
122
119
71
104
77
73
130
147
90
55
12
33
58
138
114
108
37
103
141
67
110
140
27
133
64
70
107
113
129
139
40
22
25
39
76
85
109
118
134
34
113
68
9
19
103
3
23
7
41
8
30
132
13
47
88
126
17
62
91
38
54
65
128
45
18
54
59
78
79
98
42
80
83
32
115
8
99
39
135
96
